Person(
    _data=
      [[224 242 317 244 115 263 201 105 233 360]
       [171 189 242 211  62 257 192  82 179 279]
       [149 218 251 255  93 273 218  93 197 318]
       [ 82  99 126 103  31 126  90  24 101 145]
       [216 166 295 229 136 201 164 105 226 304]
       [213 190 242 228 148 178 223 136 186 286]
       [187 219 319 285 137 262 217 113 212 300]
       [187 199 276 268 122 254 218 125 253 379]
       [180 209 226 223 158 183 207 111 154 261]
       [241 253 320 299 180 243 254 144 220 351]]
    _name=John
    _age=12
)